cpuTime=0.226000
cpuUtil=44.4
Memory=191 M
startTime=5:05:37 PM, Thur May 7, 2026
endTime=5:05:38 PM, Thur May 7, 2026
elapsedTime=0.509000
