cpuTime=0.129000
cpuUtil=31.2
Memory=198 M
startTime=3:42:20 PM, Thur Apr 9, 2026
endTime=3:42:21 PM, Thur Apr 9, 2026
elapsedTime=0.415000
